"config_id"="1e8c83a7-989e-4122-a45b-db0efb22ed0f"
"results_visibility"=dashboard
scan {
    assessment {
        dictionary=limited
        enable=true
        "rfi_remote_url"="http://rfi.nessus.org/rfi.txt"
    }
    audit {
        cookies=true
        forms=true
        headers=true
        "include_vector_patterns"=[]
        jsons=true
        links=true
        "parameter_names"=false
        "parameter_values"=true
        "path_parameters"=false
        "ui_forms"=true
        "ui_inputs"=true
        xmls=true
    }
    browser {
        "ignore_images"=true
        "job_timeout"=60
        "pool_size"=3
        "screen_height"=1200
        "screen_width"=1600
    }
    chrome {
        "script_command_wait"=500
        "script_finish_wait"=5000
        "script_page_load_wait"=30000
    }
    "debug_mode"=false
    http {
        "custom_user_agent"=false
        "include_scan_id"=false
        "request_concurrency"=10
        "request_headers" {}
        "request_redirect_limit"=3
        "request_timeout"=30
        "response_max_size"=5000000
        "user_agent"="WAS/%v"
    }
    plugin {
        families=[]
        ids=[
            98228,
            98659,
            114244,
            113563,
            114962,
            114512,
            113263,
            114626,
            114754,
            114503,
            112796,
            113879,
            98660,
            114424,
            98747,
            113545,
            98926,
            114362,
            114452,
            98861,
            113288,
            98716,
            112435,
            113208,
            98888,
            98732,
            114570,
            114738,
            112619,
            112388,
            113259,
            114805,
            113529,
            112613,
            98487,
            114853,
            113478,
            98246,
            113910,
            114093,
            112609,
            98591,
            113426,
            114393,
            113801,
            113757,
            114267,
            112291,
            114412,
            113012,
            98270,
            113863,
            114856,
            112297,
            113606,
            113560,
            113570,
            98720,
            113070,
            98717,
            114156,
            112746,
            112295,
            112537,
            114067,
            114259,
            98920,
            112754,
            114261,
            115022,
            98893,
            112749,
            114370,
            114107,
            98898,
            113935,
            112362,
            114431,
            98406,
            113633,
            114224,
            98726,
            113713,
            112914,
            113880,
            113695,
            112675,
            114059,
            98829,
            113182,
            113568,
            113604,
            113314,
            112544,
            98208,
            98909,
            114154,
            114600,
            113352,
            115491,
            115064,
            98781,
            112464,
            113593,
            98474,
            98653,
            114907,
            113648,
            98994,
            112641,
            112340,
            112839,
            112867,
            114967,
            112618,
            98670,
            98848,
            98626,
            98607,
            98100,
            98209,
            98815,
            114186,
            112304,
            113592,
            98630,
            115067,
            112898,
            98811,
            114147,
            98759,
            112477,
            114184,
            112911,
            113242,
            98120,
            98514,
            113931,
            113658,
            98221,
            112986,
            114963,
            98523,
            113053,
            112604,
            113145,
            114155,
            114076,
            112918,
            114372,
            98275,
            112966,
            98123,
            113733,
            98007,
            112896,
            114505,
            113507,
            98985,
            112849,
            114387,
            98622,
            98749,
            112734,
            98498,
            114160,
            112883,
            114018,
            98494,
            114138,
            114497,
            112740,
            98785,
            114764,
            112332,
            114037,
            98621,
            98828,
            113639,
            113257,
            113734,
            98812,
            98875,
            112331,
            114270,
            98576,
            114673,
            114281,
            113106,
            113914,
            98597,
            113926,
            98306,
            114752,
            98816,
            114420,
            98776,
            98516,
            113579,
            112308,
            114100,
            98963,
            112711,
            113499,
            112598,
            98206,
            113470,
            114679,
            114229,
            98456,
            98355,
            113822,
            114111,
            98824,
            113546,
            113927,
            114535,
            98079,
            113144,
            112404,
            98577,
            113248,
            114610,
            112402,
            112593,
            98455,
            113414,
            98365,
            114209,
            112815,
            113839,
            113876,
            114426,
            113684,
            113964,
            98830,
            98855,
            113543,
            113976,
            113944,
            98949,
            112707,
            112337,
            113740,
            98774,
            113571,
            113125,
            114284,
            112535,
            113763,
            112737,
            113555,
            98650,
            112395,
            113119,
            112591,
            113871,
            113275,
            112461,
            113694,
            112543,
            114298,
            112592,
            114033,
            114069,
            113578,
            98342,
            112590,
            98538,
            98758,
            113647,
            114083,
            114150,
            98757,
            114702,
            98348,
            98793,
            113615,
            114014,
            112947,
            98278,
            114971,
            113943,
            113254,
            113646,
            113930,
            98961,
            113264,
            98692,
            98772,
            113240,
            113332,
            113003,
            114557,
            114572,
            113045,
            113916,
            98677,
            98750,
            115082,
            114802,
            112500,
            98819,
            98775,
            98311,
            112310,
            114964,
            113682,
            113997,
            98983,
            98293,
            114144,
            113917,
            98087,
            98619,
            114039,
            114219,
            113372,
            113368,
            113380,
            98864,
            113113,
            114153,
            114116,
            113503,
            113347,
            115031,
            112903,
            112313,
            114583,
            98921,
            98760,
            98458,
            112939,
            114214,
            113346,
            98891,
            113387,
            114851,
            112370,
            114769,
            112428,
            112561,
            113112,
            114038,
            113911,
            98689,
            98778,
            114034,
            114080,
            114320,
            113401,
            114271,
            113959,
            113929,
            98754,
            113675,
            113922,
            112377,
            114081,
            113227,
            114417,
            115021,
            98112,
            112545,
            112355,
            114684,
            98381,
            114665,
            112550,
            98748,
            113919,
            98298,
            113866,
            113722,
            113660,
            112583,
            113731,
            113668,
            98752,
            114451,
            114263,
            98867,
            114207,
            112311,
            98844,
            115048,
            114965,
            98730,
            113589,
            112315,
            98578,
            113410,
            114322,
            112978,
            114095,
            112769,
            113309,
            112932,
            114643,
            113350,
            113461,
            114461,
            98800,
            112856,
            98581,
            98524,
            112831,
            114582,
            98822,
            112924,
            113820,
            114473,
            113406,
            98548,
            114472,
            98432,
            114053,
            113634,
            113389,
            113611,
            112830,
            112725,
            98307,
            98009,
            114408,
            112584,
            98740,
            114096,
            98247,
            112403,
            98272,
            112378,
            113921,
            114776,
            98350,
            112741,
            114499,
            98073,
            113475,
            112469,
            113539,
            114775,
            113272,
            98352,
            98276,
            113223,
            112698,
            113284,
            115014,
            113129,
            113928,
            112472,
            114440,
            112771,
            113770,
            98825,
            113890,
            114955,
            112832,
            113597,
            113538,
            113691,
            114942,
            113716,
            112600,
            98320,
            114070,
            98866,
            98025,
            113229,
            113849,
            98389,
            98616,
            114747,
            114635,
            114176,
            113535,
            112298,
            114380,
            112620,
            113101,
            113137,
            98436,
            115074,
            112327,
            112522,
            114204,
            114114,
            114001,
            113868,
            113925,
            114293,
            113566,
            114295,
            114064,
            98570,
            98418,
            112555,
            114746,
            113821,
            113362,
            112617,
            113703,
            98430,
            113483,
            114391,
            98549,
            114615,
            113290,
            113452,
            113755,
            113215,
            98719,
            114828,
            114806,
            113664,
            98853,
            98202,
            98107,
            112665,
            112374,
            98099,
            113623,
            114812,
            113806,
            112624,
            113214,
            98592,
            113833,
            113891,
            113832,
            98807,
            114829,
            113721,
            115056,
            112933,
            114383,
            115062,
            98325,
            113321,
            98205,
            98218,
            113315,
            112916,
            112959,
            115015,
            98329,
            112653,
            114837,
            115063,
            112899,
            114276,
            113349,
            112950,
            113239,
            113480,
            113267,
            98977,
            113913,
            114142,
            112893,
            113228,
            113920,
            112674,
            114555,
            112637,
            114177,
            98454,
            98676,
            98586,
            98308,
            113279,
            113089,
            113434,
            98495,
            98878,
            114814,
            98593,
            98954,
            98328,
            113825,
            113753,
            114578,
            114201,
            98641,
            113952,
            98234,
            113656,
            114231,
            98214,
            112568,
            114174,
            115065,
            98959,
            113476,
            114536,
            98956,
            98036,
            112702,
            113556,
            115060,
            98802,
            112848,
            112393,
            112353,
            98727,
            98992,
            114247,
            98280,
            114816,
            98475,
            112808,
            112650,
            113156,
            114468,
            114655,
            98686,
            113447,
            98364,
            114784,
            115053,
            114785,
            113630,
            113889,
            114567,
            113110,
            98264,
            98117,
            115013,
            114491,
            98232,
            114811,
            115010,
            98936,
            113304,
            112570,
            112572,
            114960,
            112997,
            112846,
            112444,
            98265,
            115540,
            114445,
            98913,
            114326,
            112696,
            113798,
            114554,
            113553,
            98910,
            98279,
            112352,
            114707,
            113608,
            114541,
            113819,
            113412,
            114854,
            98263,
            113077,
            112389,
            113114,
            112700,
            113454,
            113494,
            114401,
            113367,
            112423,
            113779,
            98939,
            112530,
            113994,
            114591,
            98638,
            112957,
            113485,
            98345,
            113728,
            113782,
            114375,
            114981,
            113436,
            114331,
            114706,
            112347,
            112875,
            112425,
            114585,
            98359,
            98917,
            98820,
            112494,
            114813,
            113549,
            113136,
            98639,
            114017,
            114020,
            113701,
            112462,
            112792,
            114891,
            98321,
            98988,
            98628,
            114346,
            114170,
            113428,
            113216,
            113692,
            113676,
            113609,
            112525,
            113590,
            114480,
            114216,
            112303,
            115040,
            114411,
            113613,
            114506,
            113067,
            114533,
            98271,
            98584,
            112616,
            98931,
            114720,
            113559,
            98289,
            114978,
            113344,
            114447,
            98111,
            114342,
            113605,
            112343,
            113603,
            98544,
            98282,
            114226,
            114266,
            114078,
            114350,
            98879,
            114146,
            113374,
            114050,
            114060,
            113690,
            114751,
            113303,
            98092,
            112800,
            114073,
            112695,
            112630,
            112582,
            113641,
            113122,
            112857,
            112670,
            98897,
            98439,
            112581,
            114935,
            112759,
            114490,
            98369,
            98868,
            98101,
            113295,
            113906,
            113767,
            114573,
            98237,
            98486,
            112660,
            98000,
            114592,
            114605,
            98694,
            113708,
            113345,
            114995,
            114187,
            98225,
            114432,
            112672,
            98068,
            114389,
            113788,
            114631,
            114745,
            114642,
            98705,
            112594,
            114687,
            114892,
            112945,
            112302,
            113298,
            112868,
            113809,
            98784,
            98533,
            114791,
            98928,
            98675,
            112790,
            114446,
            113875,
            98880,
            112459,
            114948,
            113430,
            114126,
            114782,
            114179,
            98033,
            112552,
            113544,
            98640,
            115041,
            113371,
            112473,
            114164,
            114125,
            114360,
            114601,
            112361,
            114178,
            112419,
            112697,
            98924,
            112573,
            113336,
            113979,
            114890,
            98725,
            114859,
            98818,
            98614,
            98723,
            98795,
            114173,
            113504,
            114587,
            114045,
            113542,
            114264,
            114308,
            114189,
            114175,
            98896,
            112822,
            114677,
            114097,
            98457,
            113149,
            114358,
            98582,
            98379,
            114492,
            113864,
            98281,
            98832,
            113498,
            98067,
            98823,
            112859,
            98215,
            98422,
            114705,
            114893,
            113594,
            113399,
            114488,
            113726,
            113058,
            98613,
            98063,
            113995,
            98561,
            112927,
            98274,
            98987,
            113719,
            114852,
            114694,
            113756,
            114693,
            112951,
            112755,
            112369,
            114063,
            112784,
            114695,
            113898,
            112688,
            98061,
            114193,
            98489,
            114008,
            113189,
            98098,
            113827,
            112954,
            112636,
            98072,
            98437,
            113403,
            112531,
            113132,
            112381,
            113277,
            98409,
            113554,
            98398,
            113455,
            112812,
            113338,
            113072,
            113723,
            114800,
            112567,
            114091,
            114152,
            113322,
            113805,
            113191,
            98387,
            112710,
            98504,
            112635,
            114753,
            112714,
            112615,
            113076,
            114574,
            114951,
            114915,
            114027,
            98884,
            113176,
            113162,
            114221,
            114309,
            113408,
            114953,
            114931,
            113178,
            98493,
            114651,
            98269,
            113762,
            98718,
            114124,
            114596,
            114190,
            112336,
            98527,
            98081,
            98780,
            114249,
            114933,
            98003,
            113393,
            113118,
            114203,
            114717,
            114487,
            114062,
            114466,
            98491,
            112499,
            112712,
            114332,
            113360,
            113124,
            114305,
            113846,
            98738,
            113135,
            112774,
            112780,
            113617,
            112788,
            113011,
            113141,
            114009,
            114327,
            113558,
            114614,
            114739,
            98211,
            112437,
            113042,
            112729,
            98969,
            98145,
            113094,
            113800,
            112804,
            112314,
            98122,
            113093,
            98452,
            98266,
            114068,
            113333,
            113169,
            114721,
            113201,
            113386,
            98047,
            114145,
            98681,
            113051,
            114074,
            112949,
            113905,
            113104,
            112482,
            112478,
            98322,
            114588,
            98947,
            114877,
            112504,
            112844,
            113472,
            98882,
            114225,
            114381,
            112391,
            113550,
            113086,
            98611,
            113116,
            114302,
            112326,
            114983,
            112334,
            114011,
            112338,
            113381,
            113065,
            112397,
            98817,
            114085,
            113712,
            112301,
            114373,
            114624,
            98779,
            113384,
            98673,
            112651,
            113204,
            114870,
            113052,
            98102,
            98609,
            114761,
            98541,
            114493,
            113373,
            98372,
            98505,
            114374,
            112344,
            113596,
            98140,
            113286,
            113273,
            112333,
            98240,
            114253,
            98687,
            114501,
            98446,
            114839,
            114508,
            114255,
            114338,
            113814,
            113131,
            114819,
            112634,
            114430,
            112380,
            98643,
            114328,
            98349,
            113512,
            98115,
            114692,
            98540,
            113517,
            98008,
            112379,
            113033,
            113310,
            114352,
            98881,
            112486,
            115058,
            98361,
            113842,
            98801,
            114199,
            112834,
            113601,
            112923,
            114339,
            112346,
            113834,
            112782,
            112881,
            114256,
            98595,
            115050,
            113974,
            113799,
            114958,
            98065,
            114397,
            114335,
            112571,
            115049,
            113577,
            98064,
            98405,
            98895,
            113138,
            98074,
            98080,
            113102,
            114010,
            98731,
            114949,
            112360,
            114044,
            98849,
            112515,
            112692,
            114653,
            98831,
            114029,
            115001,
            98024,
            98631,
            112626,
            112566,
            113225,
            113319,
            112811,
            113457,
            98728,
            114340,
            114079,
            114809,
            98125,
            98077,
            113548,
            112513,
            114123,
            113133,
            113198,
            114664,
            114303,
            113771,
            114743,
            114719,
            113942,
            98874,
            114848,
            112502,
            98227,
            114708,
            113595,
            114729,
            114703,
            113573,
            114429,
            113644,
            112485,
            112818,
            112980,
            98625,
            113212,
            98315,
            114670,
            112376,
            112701,
            114232,
            112807,
            114483,
            113402,
            112645,
            98667,
            114606,
            112648,
            113655,
            98980,
            114730,
            98838,
            113325,
            113840,
            114564,
            112556,
            113826,
            114291,
            114688,
            114725,
            98109,
            112763,
            112390,
            114548,
            113794,
            114159,
            113433,
            113640,
            112409,
            98220,
            112969,
            112476,
            114404,
            114024,
            115018,
            112887,
            114807,
            114801,
            98990,
            98471,
            114353,
            113432,
            112492,
            98056,
            114172,
            113828,
            114697,
            98062,
            114230,
            113693,
            113440,
            114334,
            114691,
            112373,
            113069,
            113085,
            113056,
            114880,
            114061,
            114722,
            112798,
            112860,
            114337,
            114804,
            113502,
            113415,
            98530,
            98385,
            112359,
            114139,
            113211,
            113419,
            114012,
            98796,
            114407,
            113519,
            113588,
            113973,
            112758,
            113064,
            114072,
            114733,
            98809,
            112837,
            98332,
            112684,
            98889,
            115036,
            114925,
            114544,
            114354,
            113599,
            112761,
            113737,
            115008,
            98922,
            98428,
            114136,
            112931,
            113843,
            113339,
            112929,
            112673,
            98526,
            112791,
            113418,
            98903,
            112608,
            114810,
            114140,
            113199,
            98034,
            98290,
            114301,
            114049,
            113967,
            98226,
            115035,
            113289,
            112458,
            98791,
            98979,
            114130,
            98121,
            113247,
            112819,
            114633,
            113848,
            113989,
            112610,
            98655,
            114435,
            98408,
            98392,
            114098,
            113781,
            113329,
            98964,
            114066,
            113836,
            114597,
            113612,
            113765,
            114792,
            114192,
            113705,
            113895,
            115033,
            113040,
            115034,
            113456,
            113062,
            98952,
            114675,
            112801,
            98851,
            114016,
            113083,
            114047,
            114881,
            114700,
            113049,
            98421,
            114191,
            114056,
            114344,
            112678,
            98721,
            113096,
            98865,
            98137,
            114698,
            114904,
            114543,
            112682,
            98502,
            112414,
            114336,
            113951,
            114500,
            113899,
            98510,
            113245,
            113396,
            98417,
            98070,
            113746,
            113167,
            114481,
            113250,
            98996,
            98637,
            113874,
            114414,
            98557,
            98634,
            114874,
            112840,
            98071,
            98883,
            114333,
            113302,
            114882,
            113893,
            98835,
            114685,
            98546,
            112299,
            114127,
            114319,
            114237,
            98138,
            112679,
            113438,
            114329,
            112669,
            113933,
            112809,
            114826,
            98118,
            98091,
            114941,
            112922,
            113652,
            113100,
            98238,
            113355,
            113370,
            115080,
            98935,
            113041,
            114590,
            113161,
            113082,
            98989,
            115073,
            114823,
            113859,
            112505,
            114075,
            114285,
            98663,
            112521,
            113901,
            113980,
            114825,
            114088,
            113743,
            98222,
            112926,
            112890,
            114682,
            112318,
            98484,
            113448,
            98394,
            112614,
            112751,
            112733,
            114645,
            98668,
            114674,
            112920,
            114903,
            114563,
            113754,
            114448,
            114699,
            114914,
            113903,
            114950,
            114920,
            112392,
            114349,
            98940,
            98433,
            113326,
            114617,
            112488,
            114546,
            113466,
            113353,
            113016,
            98937,
            113207,
            114286,
            98840,
            114099,
            113261,
            113666,
            114906,
            115025,
            113092,
            112542,
            98737,
            113111,
            113105,
            98934,
            113195,
            112496,
            114077,
            114087,
            114324,
            98870,
            114242,
            115081,
            98683,
            112601,
            114850,
            112821,
            98869,
            98435,
            114668,
            112885,
            98554,
            113107,
            112661,
            112493,
            114471,
            98872,
            112470,
            113807,
            114384,
            98680,
            113631,
            98427,
            114835,
            98871,
            114478,
            114240,
            112629,
            113587,
            112909,
            98658,
            98241,
            98662,
            113632,
            98519,
            98899,
            112850,
            112538,
            98644,
            114886,
            113425,
            114737,
            98371,
            113501,
            98223,
            114486,
            98702,
            114243,
            114867,
            112491,
            113413,
            98231,
            113154,
            112824,
            98594,
            112979,
            113618,
            98097,
            113450,
            113200,
            98451,
            98863,
            112915,
            113479,
            112345,
            113947,
            98572,
            112919,
            98088,
            114868,
            113845,
            98782,
            114455,
            112958,
            114928,
            114861,
            98635,
            114786,
            115075,
            112317,
            112704,
            112835,
            113745,
            113829,
            98854,
            114550,
            113451,
            112948,
            114307,
            98536,
            113341,
            98962,
            112970,
            114086,
            98836,
            98233,
            115002,
            98755,
            114620,
            113950,
            112400,
            114449,
            114549,
            114371,
            112579,
            112863,
            112622,
            113369,
            98253,
            114986,
            113424,
            98105,
            112528,
            114279,
            113027,
            112894,
            113787,
            114454,
            98966,
            115024,
            112383,
            113050,
            112961,
            98300,
            113896,
            113972,
            113018,
            112889,
            112621,
            113037,
            113014,
            114956,
            98843,
            112806,
            113278,
            114957,
            113142,
            114944,
            113035,
            112580,
            98654,
            112468,
            114924,
            112687,
            114453,
            98701,
            98560,
            113282,
            112585,
            98273,
            114939,
            115005,
            114028,
            114356,
            114973,
            114516,
            112577,
            98633,
            112930,
            113975,
            115004,
            98441,
            114103,
            112891,
            112845,
            114972,
            115077,
            112495,
            98460,
            112562,
            113706,
            98525,
            114545,
            114518,
            112719,
            114979,
            114954,
            98574,
            114517,
            98657,
            112895,
            112862,
            114118,
            114660,
            113856,
            113982,
            112770,
            113115,
            113850,
            98104,
            98968,
            114183,
            114926,
            98810,
            113023,
            113687,
            114312,
            114560,
            112597,
            112992,
            114523,
            112335,
            114934,
            115071,
            112742,
            114513,
            114102,
            114104,
            113670,
            114889,
            113004,
            114005,
            113986,
            114940,
            113953,
            113269,
            112649,
            98126,
            114418,
            98415,
            114188,
            114057,
            113784,
            114749,
            114484,
            98734,
            112773,
            113778,
            113180,
            113293,
            114485,
            114007,
            114531,
            114058,
            113873,
            113134,
            112991,
            115070,
            114035,
            98704,
            113938,
            113815,
            113714,
            98252,
            112765,
            98453,
            114292,
            112628,
            113366,
            114343,
            113034,
            113017,
            114772,
            113729,
            114416,
            98583,
            114341,
            113031,
            113511,
            113340,
            98620,
            113217,
            114149,
            115020,
            112546,
            114798,
            114300,
            114894,
            114532,
            114898,
            113939,
            112953,
            114208,
            112631,
            98060,
            114297,
            112777,
            114368,
            112795,
            112440,
            114644,
            113276,
            98424,
            112851,
            112962,
            112871,
            113908,
            114803,
            113625,
            113557,
            114110,
            98366,
            114959,
            113226,
            112654,
            112432,
            98933,
            112422,
            98250,
            114163,
            113330,
            98873,
            114041,
            113071,
            98515,
            114571,
            113163,
            113969,
            114869,
            113482,
            114929,
            112540,
            98672,
            112293,
            98383,
            115000,
            113912,
            113036,
            114930,
            113197,
            98019,
            98955,
            98239,
            114918,
            114616,
            98603,
            114347,
            98470,
            98901,
            113786,
            113804,
            112662,
            114639,
            113206,
            112810,
            98997,
            98297,
            115078,
            113492,
            114690,
            113431,
            113477,
            98606,
            98976,
            113357,
            114405,
            114525,
            114275,
            112981,
            98722,
            114901,
            114593,
            112833,
            113854,
            114530,
            114796,
            114042,
            112553,
            114858,
            113123,
            112433,
            114023,
            98286,
            114654,
            114402,
            112640,
            114290,
            113109,
            113006,
            98858,
            114427,
            98707,
            112420,
            98886,
            98665,
            113702,
            112870,
            98798,
            98434,
            115026,
            114398,
            112412,
            112847,
            112387,
            98235,
            114641,
            98925,
            98501,
            114400,
            98382,
            114797,
            112797,
            113365,
            115038,
            113985,
            114438,
            98287,
            112836,
            98288,
            115030,
            112479,
            114168,
            114351,
            112588,
            113091,
            98431,
            98751,
            114494,
            113870,
            115039,
            113296,
            113043,
            98461,
            114822,
            98615,
            113887,
            112547,
            114464,
            112551,
            98944,
            112339,
            113342,
            113643,
            113725,
            113327,
            112658,
            112569,
            98539,
            113520,
            113292,
            98945,
            98483,
            98310,
            112382,
            114299,
            113818,
            114990,
            114495,
            114618,
            113400,
            115019,
            112663,
            112603,
            113484,
            98804,
            113522,
            114475,
            113970,
            112330,
            113853,
            114824,
            98746,
            112599,
            98714,
            114552,
            113449,
            113020,
            98859,
            98520,
            112443,
            113537,
            98258,
            113862,
            112960,
            112989,
            112668,
            114734,
            112745,
            112307,
            98656,
            113521,
            113621,
            114569,
            113622,
            114735,
            112574,
            98103,
            112533,
            114716,
            114004,
            113007,
            112329,
            114594,
            112892,
            113283,
            114211,
            114561,
            98444,
            112536,
            113097,
            112646,
            112901,
            114897,
            113219,
            98464,
            98918,
            114198,
            98958,
            113653,
            113760,
            98472,
            113184,
            113727,
            113816,
            113358,
            113619,
            114917,
            98257,
            112683,
            98127,
            113010,
            112497,
            113074,
            98236,
            113855,
            98492,
            114581,
            114165,
            113348,
            98762,
            98254,
            113892,
            114462,
            114403,
            98608,
            98256,
            113473,
            98552,
            113671,
            112878,
            98440,
            113525,
            113394,
            113495,
            114977,
            114987,
            98260,
            112690,
            98148,
            98647,
            98331,
            113055,
            114436,
            113253,
            113280,
            113285,
            98243,
            114634,
            98210,
            114783,
            98743,
            112498,
            112487,
            114469,
            114992,
            98724,
            113487,
            113514,
            113038,
            114135,
            113744,
            98259,
            114970,
            115009,
            113147,
            113689,
            98981,
            98632,
            98693,
            113039,
            98395,
            98467,
            113311,
            114357,
            114423,
            98251,
            114137,
            114989,
            98598,
            113990,
            113241,
            114003,
            113318,
            98339,
            113795,
            112873,
            112481,
            98547,
            114399,
            112342,
            98255,
            113015,
            112934,
            113582,
            113796,
            114938,
            112312,
            98262,
            113028,
            98054,
            114728,
            113510,
            113679,
            114355,
            113260,
            98993,
            114656,
            113674,
            114258,
            112351,
            114584,
            115012,
            115011,
            98960,
            112744,
            98341,
            98563,
            113152,
            113678,
            98245,
            98729,
            114905,
            112766,
            113090,
            112294,
            114236,
            113742,
            98646,
            98478,
            114205,
            98575,
            113383,
            114377,
            114740,
            114895,
            112974,
            98534,
            98136,
            113496,
            112399,
            98950,
            114212,
            113063,
            98035,
            114657,
            114316,
            98556,
            113019,
            98141,
            113700,
            98326,
            114185,
            112632,
            112509,
            114458,
            112913,
            115076,
            114306,
            98741,
            114628,
            113897,
            114946,
            114603,
            98285,
            113772,
            98786,
            113736,
            113390,
            113190,
            98982,
            98084,
            112907,
            114820,
            98334,
            112426,
            114474,
            98929,
            98733,
            114912,
            112455,
            98624,
            98521,
            98789,
            114780,
            114663,
            114896,
            114251,
            112968,
            112786,
            113385,
            114348,
            98927,
            112726,
            113505,
            113048,
            113407,
            113585,
            98715,
            98797,
            114779,
            113148,
            114158,
            98353,
            98224,
            113635,
            114396,
            113831,
            112300,
            114701,
            114622,
            114768,
            113865,
            113524,
            113904,
            113411,
            113750,
            112853,
            114648,
            98244,
            112793,
            113552,
            114415,
            113540,
            113683,
            114151,
            112445,
            112309,
            113768,
            113491,
            114988,
            98367,
            98283,
            114625,
            114195,
            98841,
            113490,
            113221,
            98242,
            98485,
            114161,
            114630,
            113591,
            113993,
            98999,
            112694,
            113957,
            113459,
            113291,
            112358,
            98116,
            113108,
            112449,
            98951,
            112827,
            114640,
            113533,
            114765,
            114902,
            112316,
            98543,
            114883,
            98713,
            98551,
            112549,
            98317,
            113661,
            114132,
            114217,
            112905,
            114084,
            113054,
            113469,
            112557,
            114627,
            98845,
            113188,
            112541,
            113032,
            113541,
            113307,
            112921,
            114650,
            112605,
            98907,
            98261,
            112872,
            114921,
            113312,
            112879,
            113885,
            113185,
            113421,
            113231,
            112558,
            112708,
            113029,
            113057,
            98877,
            114577,
            113224,
            114323,
            113382,
            98426,
            113955,
            113087,
            98894,
            98347,
            113867,
            113378,
            114013,
            113576,
            98739,
            98376,
            113464,
            113667,
            98862,
            98553,
            114406,
            113999,
            112534,
            114966,
            112912,
            114395,
            114113,
            98313,
            114991,
            98447,
            112520,
            98375,
            113686,
            114936,
            98559,
            114666,
            112677,
            113884,
            113790,
            113005,
            98905,
            98201,
            113802,
            113463,
            98425,
            114847,
            113883,
            114476,
            113249,
            114065,
            113878,
            113841,
            112828,
            113044,
            113073,
            98805,
            112595,
            113343,
            113977,
            114345,
            113773,
            114496,
            114421,
            114910,
            115037,
            98397,
            98438,
            113196,
            98042,
            114997,
            114900,
            98970,
            113811,
            114710,
            112320,
            114843,
            114122,
            114726,
            98679,
            113437,
            114961,
            114996,
            114410,
            98479,
            112865,
            114234,
            113140,
            115029,
            114658,
            112900,
            114422,
            98856,
            113323,
            113404,
            113078,
            114363,
            113941,
            112753,
            114359,
            115027,
            114844,
            113458,
            114128,
            114841,
            113624,
            114619,
            112564,
            114838,
            98346,
            114646,
            112563,
            114937,
            112952,
            113222,
            113657,
            114647,
            112775,
            114969,
            113376,
            114565,
            112908,
            112709,
            98043,
            112772,
            114568,
            98401,
            113320,
            114197,
            114922,
            114365,
            112691,
            113375,
            113971,
            98887,
            112829,
            98711,
            112715,
            112319,
            112364,
            114317,
            113205,
            113324,
            114181,
            98108,
            98651,
            113940,
            112747,
            98386,
            112436,
            114246,
            114756,
            98407,
            98351,
            114731,
            113677,
            114553,
            113738,
            113377,
            114790,
            113465,
            113099,
            98296,
            112820,
            115051,
            112813,
            112667,
            112852,
            114529,
            115046,
            112321,
            113530,
            112722,
            114392,
            113637,
            98605,
            114788,
            113698,
            113256,
            98356,
            98390,
            98664,
            114863,
            113902,
            113157,
            113636,
            113978,
            114857,
            98363,
            112888,
            112475,
            98957,
            115043,
            113659,
            113792,
            112713,
            98972,
            98642,
            114394,
            98790,
            114241,
            112453,
            114228,
            113699,
            112350,
            114872,
            112858,
            98482,
            114727,
            98846,
            114871,
            114479,
            112757,
            98764,
            98377,
            113068,
            112928,
            113991,
            98827,
            114999,
            112305,
            115044,
            112779,
            98477,
            114789,
            114827,
            114840,
            113561,
            98106,
            114787,
            114361,
            98674,
            112623,
            114637,
            114101,
            112516,
            112606,
            113127,
            114289,
            112652,
            112452,
            112825,
            114133,
            98998,
            98902,
            114167,
            98808,
            114750,
            112917,
            112529,
            113481,
            114526,
            114171,
            113949,
            98648,
            113427,
            112689,
            113747,
            98466,
            115003,
            114220,
            113255,
            112904,
            114968,
            112532,
            98906,
            98991,
            98324,
            98834,
            98048,
            114542,
            98230,
            98154,
            114109,
            112706,
            114866,
            112976,
            114667,
            114386,
            113009,
            98573,
            98826,
            114052,
            98529,
            114534,
            98535,
            113523,
            112659,
            98803,
            112776,
            114019,
            114094,
            114515,
            98476,
            114602,
            113858,
            113696,
            113583,
            98295,
            114777,
            98400,
            112524,
            114235,
            112718,
            113489,
            112431,
            113046,
            98411,
            114315,
            113488,
            113669,
            114428,
            114166,
            113672,
            98604,
            113061,
            114210,
            113575,
            112454,
            113752,
            113860,
            98508,
            113166,
            113861,
            113739,
            113958,
            113203,
            112328,
            114504,
            98291,
            98509,
            113965,
            114202,
            113351,
            98403,
            113395,
            98490,
            114330,
            113468,
            112783,
            113493,
            112874,
            114254,
            114239,
            112354,
            112406,
            113960,
            114182,
            98391,
            112384,
            113471,
            113968,
            112994,
            98542,
            98292,
            113030,
            114054,
            114662,
            113416,
            114558,
            113730,
            114539,
            98744,
            114134,
            113420,
            113847,
            113120,
            114538,
            113467,
            113649,
            98078,
            114908,
            113872,
            113574,
            98857,
            113717,
            113851,
            113462,
            98978,
            98344,
            114489,
            98448,
            114771,
            114884,
            98599,
            98636,
            98712,
            114748,
            113460,
            112596,
            112407,
            113328,
            112781,
            113766,
            113335,
            115032,
            112363,
            98562,
            113852,
            113651,
            114090,
            98627,
            115079,
            112519,
            98528,
            113363,
            114909,
            113616,
            112842,
            98645,
            113894,
            113075,
            113356,
            114314,
            114998,
            115023,
            98892,
            112787,
            112375,
            113735,
            113361,
            114367,
            114842,
            113209,
            112973,
            113213,
            113732,
            112935,
            114252,
            113021,
            113824,
            114652,
            113103,
            98200,
            114911,
            114385,
            98139,
            113238,
            98357,
            114200,
            112738,
            98303,
            113243,
            114522,
            98488,
            113047,
            114527,
            112565,
            114680,
            112937,
            98507,
            113258,
            113274,
            112657,
            113761,
            114845,
            114222,
            98770,
            112612,
            98596,
            98671,
            98986,
            113251,
            114112,
            113688,
            113534,
            114741,
            98943,
            113808,
            114524,
            113128,
            98402,
            114443,
            114129,
            112394,
            113210,
            114612,
            98449,
            113170,
            113331,
            98938,
            113405,
            98513,
            114311,
            113751,
            98503,
            98445,
            114521,
            113417,
            114313,
            113710,
            113948,
            112656,
            114131,
            113888,
            114213,
            113797,
            112539,
            112778,
            98839,
            113988,
            98517,
            113987,
            98050,
            113715,
            114162,
            112484,
            113963,
            112396,
            98571,
            98316,
            98941,
            98792,
            114304,
            112489,
            112785,
            113334,
            113962,
            113961,
            98284,
            98404,
            112671,
            112705,
            114463,
            113803,
            98532,
            114318,
            113252,
            113654,
            98691,
            114980,
            114576,
            113497,
            114379,
            98518,
            114623,
            113791,
            114976,
            98690,
            113882,
            114378,
            114520,
            98480,
            98059,
            98695,
            113614,
            112984,
            98558,
            98481,
            114519,
            113130,
            114437,
            114510,
            113581,
            98413,
            112768,
            114669,
            115028,
            98305,
            114245,
            114879,
            114659,
            114250,
            112341,
            113681,
            112803,
            114382,
            113764,
            112416,
            112739,
            112365,
            114885,
            98110,
            114932,
            98340,
            114528,
            113181,
            98333,
            113246,
            98469,
            112292,
            114456,
            114982,
            98700,
            112368,
            114514,
            114511,
            98343,
            98057,
            114975,
            114369,
            114238,
            113066,
            113844,
            98248,
            113301,
            113173,
            113909,
            114629,
            114876,
            113759,
            113823,
            98911,
            98773,
            113515,
            112367,
            113532,
            98420,
            114434,
            114376,
            114744,
            112760,
            114709,
            114106,
            113602,
            113236,
            98761,
            114040,
            113444,
            112366,
            112450,
            114442,
            98709,
            113139,
            98661,
            114043,
            114441,
            112586,
            112794,
            114566,
            113886,
            98742,
            98358,
            113270,
            114117,
            98610,
            98314,
            112424,
            113391,
            115017,
            112501,
            113835,
            113359,
            112413,
            112405,
            98555,
            113194,
            114257,
            114724,
            112998,
            112805,
            98703,
            98799,
            112323,
            114470,
            98735,
            112681,
            114325,
            98837,
            112324,
            113584,
            98083,
            113711,
            114985,
            114860,
            113607,
            114206,
            98736,
            113316,
            112975,
            98975,
            112325,
            114580,
            113008,
            98771,
            113565,
            114082,
            98652,
            114678,
            112676,
            113673,
            112639,
            112680,
            113158,
            113337,
            113423,
            112587,
            113748,
            98500,
            113230,
            113697,
            114763,
            98143,
            98908,
            113435,
            112902,
            112925,
            98923,
            98590,
            112348,
            113945,
            113179,
            98601,
            114419,
            112841,
            113317,
            98697,
            114864,
            112633,
            113398,
            114215,
            113098,
            115006,
            114269,
            98497,
            98587,
            113506,
            113789,
            114767,
            114759,
            114952,
            112982,
            113547,
            112963,
            98335,
            112724,
            112869,
            114919,
            114390,
            98119,
            113143,
            114762,
            113983,
            115007,
            113409,
            98942,
            112816,
            114108,
            113392,
            112589,
            112699,
            112843,
            113812,
            98699,
            98496,
            112627,
            98685,
            112685,
            113937,
            113508,
            98249,
            98698,
            112386,
            114460,
            98688,
            112723,
            114774,
            98765,
            114071,
            113013,
            98318,
            112548,
            114248,
            113060,
            114477,
            112448,
            113313,
            114310,
            112643,
            98268,
            113172,
            98579,
            113175,
            114849,
            114046,
            113429,
            114294,
            98213,
            114000,
            114022,
            114696,
            114465,
            98113,
            112866,
            112421,
            98522,
            98589,
            113724,
            113388,
            112576,
            113354,
            114865,
            114025,
            112985,
            98588,
            98745,
            114613,
            98914,
            113665,
            98850,
            113881,
            113720,
            98319,
            113155,
            98396,
            114608,
            114888,
            114760,
            98753,
            114712,
            112457,
            114833,
            114595,
            114467,
            114196,
            98299,
            98696,
            114689,
            114887,
            114611,
            114233,
            112946,
            112290,
            98410,
            98930,
            113758,
            113580,
            114994,
            113769,
            114742,
            113598,
            113954,
            114686,
            98384,
            98904,
            112465,
            114773,
            112897,
            114021,
            112460,
            98412,
            98323,
            114821,
            112415,
            113095,
            98370,
            113869,
            114409,
            112474,
            114507,
            114766,
            113527,
            114755,
            114551,
            114482,
            112864,
            114218,
            112838,
            114048,
            114105,
            113685,
            112518,
            98294,
            98706,
            98337,
            112817,
            114015,
            113810,
            98304,
            113002,
            114817,
            98973,
            98511,
            113308,
            114598,
            113707,
            114638,
            113146,
            114277,
            113531,
            114676,
            98666,
            98399,
            112466,
            112764,
            98684,
            98393,
            114589,
            112655,
            113645,
            98419,
            114632,
            114055,
            114388,
            113956,
            112728,
            114846,
            112463,
            114799,
            98026,
            112441,
            114599,
            114621,
            98932,
            112467,
            114586,
            98953,
            98302,
            114450,
            112322,
            112411,
            114757,
            114280,
            112371,
            113059,
            112983,
            114873,
            114051,
            114818,
            112607,
            114855,
            98338,
            113946,
            112735,
            113500,
            112442,
            112736,
            113984,
            112451,
            114609,
            98682,
            98219,
            115045,
            98995,
            98468,
            98678,
            98459,
            98580,
            114579,
            113526,
            113364,
            114366,
            98301,
            114457,
            113266,
            112666,
            98965,
            98216,
            114119,
            114834,
            114282,
            114278,
            112956,
            112955,
            98821,
            113024,
            113663,
            113509,
            114974,
            113776,
            113218,
            114993,
            112882,
            112732,
            113857,
            113026,
            114157,
            113513,
            114927,
            113121,
            98568,
            112886,
            114262,
            114781,
            112693,
            112385,
            112910,
            114425,
            98506,
            98876,
            112906,
            112642,
            114878,
            113777,
            114875,
            112644,
            112750,
            113877,
            112990,
            113586,
            113650,
            114459,
            112987,
            114364,
            98327,
            114832,
            113025,
            112814,
            112995,
            112508,
            114032,
            114509,
            114704,
            113838,
            113932,
            98354,
            112964,
            113001,
            98124,
            112517,
            98600,
            113642,
            113000,
            114141,
            113081,
            113996,
            113174,
            98948,
            112752,
            113446,
            98330,
            114836,
            114758,
            98788,
            98842,
            112512,
            114559,
            98787,
            98833,
            113453,
            98669,
            113915,
            113567,
            113232,
            98629,
            98545,
            114830,
            114732,
            112988,
            113486,
            98912,
            113709,
            114913,
            112720,
            114036,
            113981,
            113244,
            113813,
            114831,
            98368,
            113741,
            113966,
            113151,
            114723,
            98142,
            112686,
            114031,
            114268,
            112356,
            114770,
            112730,
            114714,
            114636,
            112523,
            112511,
            114713,
            112506,
            113749,
            112434,
            113442,
            113441,
            113992,
            114265,
            113445,
            113528,
            112514,
            98378,
            114002,
            113220,
            113817,
            113783,
            114715,
            113379,
            113998,
            113183,
            112999,
            98974,
            113287,
            113516,
            114794,
            98946,
            98710,
            113785,
            112503,
            113620,
            114287,
            113627,
            112638,
            113233,
            98769,
            114321,
            98443,
            113168,
            112993,
            114026,
            113306,
            114984,
            112510,
            98512,
            112430,
            113629,
            98585,
            113474,
            98814,
            113305,
            114115,
            113569,
            114778,
            113830,
            114092,
            113662,
            113680,
            98602,
            113562,
            112743,
            112762,
            113793,
            113704,
            112789,
            114502,
            98916,
            112936,
            112446,
            98450,
            113237,
            113177,
            112296,
            112456,
            98617,
            98380,
            98146,
            114947,
            98203,
            112306,
            112507,
            114030,
            113907,
            114711,
            113235,
            113153,
            114439,
            98708,
            113234,
            114661,
            98900,
            113187,
            113192,
            114006,
            112664,
            113171,
            113936,
            112727,
            112357,
            112490,
            113186,
            98114,
            112439,
            114916,
            112971,
            113397,
            113202,
            112972,
            113262,
            112967,
            113564,
            114556,
            98984,
            113923,
            113300,
            114283,
            113160,
            98442,
            112756,
            114923,
            113193,
            113638,
            113080,
            114121,
            112884,
            98777,
            98569,
            112716,
            98096,
            113628,
            114273,
            114537,
            112799,
            112938,
            114815,
            98336,
            112611,
            98915,
            112647,
            112447,
            112483,
            112767,
            98565,
            114120,
            98971,
            112559,
            112977,
            112943,
            113084,
            114540,
            114793,
            98312,
            112471,
            113626,
            98217,
            98890,
            98416,
            98499,
            113439,
            112560,
            112418,
            113159,
            112996,
            113518,
            114671,
            112826,
            112625,
            113088,
            98564,
            114288,
            113780,
            113299,
            98267,
            112408,
            98423,
            114413,
            112429,
            114862,
            98885,
            114736,
            113022,
            114575,
            98204,
            112480,
            98129,
            98806,
            114180,
            98388,
            98550,
            112372,
            113165,
            112861,
            114943,
            114223,
            113775,
            112602,
            114672,
            98465,
            98566,
            112942,
            112876,
            98374,
            114143,
            98044,
            112721,
            98531,
            112349,
            112417,
            112427,
            113281,
            113271,
            98362,
            112802,
            98095,
            114444,
            113297,
            112941,
            113774,
            98567,
            112717,
            112965,
            112940,
            98373,
            112554,
            98860,
            112575,
            98462,
            114607,
            98623,
            98847,
            114945,
            113265,
            112401,
            98309,
            115042,
            98207,
            114274,
            98766,
            98429,
            98463,
            115061,
            115055,
            112731,
            113422,
            112578,
            98229,
            113924,
            113536,
            98649,
            98768,
            98783,
            112410,
            112748,
            113572,
            112438,
            113551,
            98756,
            114718,
            114604,
            113126,
            114260,
            98767,
            115057,
            98082,
            115016,
            114681,
            112823,
            114089,
            112880,
            113837,
            115059,
            112703,
            98360,
            98852,
            114272,
            113443,
            112855,
            113610,
            114649,
            113900,
            112877,
            98277,
            98813,
            115052,
            114148,
            113268,
            98414,
            98919,
            114562,
            115066,
            115072,
            113718,
            98794,
            98473,
            98212,
            115054,
            112398,
            115069,
            113918,
            115068,
            112854,
            114795,
            98537,
            98763,
            98618,
            114808,
            113079,
            114683,
            114227,
            98967,
            113117,
            113600,
            113294,
            113934,
            115047,
            114547,
            112944,
            114433,
            114296
        ]
        mode=enable
        names=[]
        "rate_limiter" {
            autothrottle=true
            "requests_per_second"=25
            "timeout_threshold"=100
        }
    }
    "queue_timeout"="08:00:00"
    scope {
        "auto_redundant_paths"=5
        "decompose_paths"=false
        "deduplicate_pages"=true
        "directory_depth_limit"=10
        "dom_depth_limit"=5
        "exclude_binaries"=true
        "exclude_file_extensions"=[
            js,
            css,
            png,
            jpeg,
            gif,
            pdf,
            csv,
            svn-base,
            svg,
            jpg,
            ico,
            woff,
            woff2,
            exe,
            msi,
            zip
        ]
        "exclude_path_patterns"=[
            logout
        ]
        option=all
        "page_limit"=10000
    }
    session {}
    timeout="08:00:00"
}
"template_id"=b223f18e-5a94-4e02-b560-77a4a8246cd3
"vulnerability_threshold"=High

